0	110	28
0	111	28
0	112	28
0	113	29
0	114	29
0	115	29
0	116	29
0	117	29
1	118	29
1	119	29
2	120	28
2	121	28
3	122	28
4	122	28
5	123	28
6	123	28
7	123	28
8	123	28
9	124	28
10	125	28
11	125	28
12	124	27

11	124	26
10	123	25
9	122	25
8	121	25
8	121	25
7	120	25
6	119	25
5	118	24

13	125	28
14	125	28
15	125	28
16	125	28
17	125	28
18	124	27
19	124	27
20	123	27
21	123	27
22	122	27
23	122	27
24	121	27
25	120	27
26	119	27
27	118	27
28	117	28
29	116	28
30	115	28
31	115	28
32	114	28
33	114	28
34	113	28
35	113	28
36	113	28
37	113	28
37	113	28

39	114	27
38	113	27

38	112	28
37	111	29
37	110	29
36	109	29
35	108	29
34	107	29
33	106	29
32	106	29
31	105	29
30	104	30
30	103	30
30	102	30
29	101	31
29	100	31
28	99	30
28	98	30
27	97	31
26	96	31
26	95	31
25	94	32
25	93	32
24	92	31
24	92	31
24	91	31
23	90	31
22	89	32
21	88	32
20	87	33
19	87	33
18	86	32
17	86	32
16	85	33
15	85	34

40	123	20
41	122	21
42	121	22
42	120	23
42	119	23
42	118	24
41	117	25
41	116	25
40	115	26

40	114	27
41	113	28
42	113	28
43	114	28
44	114	28
45	114	29
46	115	30
47	115	30
48	115	30
49	115	30
50	115	30
51	114	30
52	114	30
53	113	30
54	113	30
55	113	30
56	112	30
57	112	30
58	112	30
59	112	30
60	112	30
61	112	30
62	111	30
63	111	30
64	110	30
65	110	30
66	109	30
67	108	30
68	108	30
69	108	30
70	107	30
71	107	30
72	106	30

30	93	20
31	94	20
31	95	20
31	96	20
31	97	20
30	98	20
29	99	20
29	100	20
30	101	20
30	102	20
31	103	20
31	104	20
31	105	20
32	106	19
33	107	19
33	108	19
33	109	19
34	110	19
34	111	19
34	112	19
34	113	19
34	114	19
35	115	19
36	116	19
37	117	19
38	118	18
38	119	18
38	120	18
39	121	18
40	122	18
41	123	19

41	133	17
41	132	17
41	131	17
41	130	18
41	129	18
41	128	18
41	127	18
41	126	18
41	125	18
40	124	18
40	124	18
40	124	18

72	153	27
72	152	27
72	151	27
71	150	28
71	149	28
71	148	28
71	147	28
71	146	28
71	145	28
71	144	28
71	143	28
71	142	28
71	141	28
71	140	28
72	139	28
72	138	28
72	137	28
72	136	28
72	135	28
72	134	28
73	133	28
73	132	28
74	131	28
74	130	28
75	129	28
75	128	28
75	127	28
75	126	28
75	125	28
76	124	28
76	123	28
76	122	28
75	121	28
75	120	28
75	119	28
75	118	28
75	117	28
75	116	28
75	115	28
75	114	28
76	113	29
76	112	29
75	111	30
75	110	30
75	109	30
75	108	30
74	107	30
73	106	30

74	105	30
73	104	30
73	103	30
73	102	30
73	101	30
72	100	30
72	99	30
72	98	30
71	97	30
70	96	30
70	95	30
69	94	30

19	81	21
19	82	21
19	83	21
20	84	21
20	85	21
20	86	21
21	87	21
22	88	21
22	89	21
23	90	20
24	91	20
25	92	20
26	93	20
27	93	20
28	93	20
29	92	20

29	91	20
30	90	20
30	89	20
29	88	20
29	87	19
29	86	19
29	85	19
30	84	19
31	83	18
32	82	18
32	81	18
32	80	18
32	79	18
33	78	17
33	77	17
33	76	17
33	75	17
33	74	17
33	73	17
33	72	17
33	71	16
33	70	16
33	69	16
33	68	16
33	67	15
33	66	15
33	65	15
33	64	15
33	63	15
32	62	14
32	61	13

18	110	7
18	110	8
18	110	9
18	110	10
19	111	11
20	112	11
20	113	11
21	114	11
21	115	11
22	116	11
23	117	11
24	118	12
25	119	12
25	120	12
25	121	12
26	122	13
27	123	13
28	124	13
29	125	13
29	126	13
29	127	13
30	128	13
30	129	13
31	130	14
32	131	14
33	132	14
33	133	14
34	134	14
35	135	14
36	135	14
37	136	15
38	135	16
39	135	16
40	134	17

48	154	16
47	153	16
46	152	16
46	151	16
46	150	16
45	149	16
45	148	16
44	147	16
44	146	16
44	145	16
44	144	16
43	143	16
43	142	16
43	141	16
42	140	17
42	139	17
42	138	17
42	137	17
42	136	17
41	135	17

35	152	34
36	151	34
37	150	33
38	151	32
39	152	32
40	153	33
40	154	33
41	155	33
42	156	33
43	156	33
44	156	33
45	157	32
46	157	32
46	157	32
47	157	31
48	157	31
49	158	31
50	158	31
51	158	31
52	159	31
53	159	31
54	158	31
55	158	31
56	158	30
57	158	30
58	157	30
59	157	30
60	157	30
61	157	30
62	157	30
63	156	29
64	156	29
65	155	29
66	154	28
67	154	28
68	154	28
69	153	27
70	153	27
71	154	27

72	155	26
73	156	26
73	157	26
73	158	26
73	159	26
74	160	25
74	161	25
74	162	25
74	163	24
74	164	24
74	165	24
74	166	24
74	167	24
74	168	24
75	169	23
75	170	23
75	171	23
75	172	22
75	173	22
75	174	22
74	175	21
74	176	21
74	177	21
74	178	21
74	179	20
74	180	20
74	181	20
74	182	20
74	183	20

68	95	30
67	96	30
66	96	30
65	96	30
64	97	30
64	97	30
63	97	30
62	97	30
61	97	30
60	97	30
59	97	30
58	97	30
57	98	30
56	99	30
55	100	30
54	101	30
53	101	30
52	101	30
51	101	30
50	100	30
49	100	30
48	99	30

69	93	31
68	92	31
68	91	31
68	90	31
67	89	31
66	88	31
66	87	31
66	86	31
65	85	31
65	84	31
64	83	31
63	82	31
62	81	32
62	80	32
61	79	31
61	78	31
60	77	32
60	76	32
59	75	31
59	74	31
58	73	31
58	72	31
58	71	31
58	70	31
57	69	31
57	68	31
57	67	30
57	66	29
57	65	29
56	64	30
55	63	30
55	62	30
55	61	29
54	60	28
54	60	27
54	60	26
55	60	25
56	60	25
57	59	25

0	0	16
1	1	17
1	2	17
2	3	18
3	3	18
4	3	18
4	4	18
4	5	18
5	6	19
5	7	19
5	8	19
5	9	19
6	10	20
6	11	20
6	12	20
6	13	20
6	14	20
6	15	20
7	16	20
7	17	20
7	18	20
7	19	20
7	19	20
7	20	20
8	21	20
9	22	21
10	23	21
11	24	21
11	25	21
11	26	21
11	27	21
11	28	21
11	29	21
11	30	21
11	31	21
11	32	21
11	33	21
12	34	21
13	35	21
13	36	21
13	37	21
14	38	21
14	39	21
14	40	21
14	41	21
14	42	21
15	43	21
15	44	21
15	45	21
15	46	21
16	47	21
16	48	21
16	49	21
16	49	21
16	50	21
17	51	21
17	52	21
17	53	21
17	54	21
17	55	21
17	56	21
18	57	21
18	58	21
18	59	21
18	60	21
18	61	21
17	61	21
16	62	22
16	62	22
17	63	21
17	64	21
17	65	21
18	66	21
18	67	21
18	68	21
18	69	21
17	70	21
16	71	21
16	72	21
16	73	21
16	74	21
16	75	21
16	76	21
16	77	21
17	78	21
18	78	21
18	79	21
18	80	21

17	81	21
16	80	21
15	80	21
14	79	21
13	78	21
12	77	21
11	77	21
10	76	22
9	75	22
8	74	22
7	74	22
6	73	22
6	73	22
5	72	22
4	71	22
3	70	22
2	69	22
1	68	22
0	67	23
0	66	23

31	61	12
30	61	12
29	61	12
28	62	11
27	62	11
26	62	11
25	63	11
24	63	11
23	64	11
22	64	11
21	64	10
20	64	10
19	64	10
18	64	10
17	65	9
16	65	9
15	65	9
14	65	9
13	65	9
12	65	9
11	65	9
10	65	9
9	65	8
9	65	8
8	64	7
7	64	7
6	64	7
5	64	7
4	64	6
3	64	6
2	64	6
1	63	6
0	62	5
0	61	5

33	60	14
34	59	13

17	111	6

18	109	7
18	108	8
17	107	8
17	106	8
17	105	8
16	104	9
15	103	10
14	103	10
13	102	11
12	101	11
11	100	11
11	99	11
10	98	11
10	98	11
9	97	11
8	96	11
7	95	12
6	95	12
5	94	12
4	93	12
4	92	12
3	91	11
2	90	11
1	89	11
0	88	11
0	87	11
0	86	11
0	85	11
0	84	12

12	145	19
13	146	19
14	146	19
15	145	19
16	145	19
17	145	19
18	145	19
19	146	19
20	146	19
21	147	19
22	147	19
23	148	19
24	149	19
25	149	19
26	149	19
27	149	19
28	149	19
29	150	19
30	150	18
31	150	18
32	150	18
33	151	18
34	151	18
35	152	18
36	152	18
37	153	18
38	154	18
39	155	17
40	155	17
41	155	17
42	155	17
43	155	16
44	155	16
45	155	16
46	155	16
47	155	16

48	155	17
49	156	16
49	157	16
50	158	16
51	159	16
51	160	16
51	161	16
52	162	16
52	163	16
52	164	16
53	165	15
53	166	15
53	167	15
53	168	15
54	169	15
54	170	15
54	171	15
55	172	15
55	173	15
55	174	15
56	175	15
57	176	15
58	177	15
58	178	15
58	179	15
59	180	14
59	181	14
59	182	14
59	183	14
60	184	14
61	185	14
61	186	14
62	187	14
63	188	14
64	189	15

73	184	20
72	183	19
71	183	19
70	184	19
69	185	18
68	186	18
68	187	18
67	188	17
67	188	16
66	189	15
65	190	15

74	184	20
75	185	21
76	186	21
76	187	22
76	188	23
76	189	23
76	190	22
76	191	22
76	192	22
76	193	22
76	194	23
76	195	23
76	196	24
76	197	24
75	198	24
75	199	24
75	200	24
76	201	23
76	202	23
76	203	23
76	204	23
76	205	23
76	206	23
77	207	23
77	208	23
77	209	23
77	210	23
77	211	23
77	212	23
77	213	23
77	214	23
76	215	23
76	216	23
75	217	22
75	218	22
75	219	22
75	220	22
74	221	21
74	222	21
73	223	21
72	224	21
72	225	21
72	226	21
71	227	21
70	228	22
70	229	22
69	230	21
69	231	21
69	232	21
68	233	21
68	234	21
68	235	21
67	236	21
66	237	21
66	238	21
66	239	20
66	240	20
67	241	19
67	242	18
67	242	18
66	242	19
66	242	19
66	243	19
67	244	20
68	245	20
68	246	20
69	247	20
69	248	20
69	249	20
69	250	20
68	251	20
68	252	20
68	252	19
69	253	18

58	58	24
59	59	24
60	60	24
61	61	24
62	61	24
63	62	24
64	62	24
65	62	24
66	62	24
67	62	24
68	62	24
69	62	24
70	62	24
71	62	24
72	62	23
73	62	23
74	62	23
75	62	23
76	62	23
77	62	23
78	62	22
79	62	22
80	62	22
81	62	22
82	62	22
83	62	22
84	62	22
85	63	21
86	63	21
87	62	21
88	61	21
89	60	21
90	60	21
91	60	21
92	59	21
93	59	21
94	58	21
95	57	21

59	57	25
59	56	25
60	55	25
60	54	25
61	53	25
61	52	25
62	51	24
62	50	24
63	49	24
63	48	24
63	47	24
63	46	24
63	45	24
63	44	24
63	43	24
63	42	24
63	41	24
63	40	24
63	39	24
63	38	24
62	37	24
62	36	24
62	35	24
62	34	24
62	33	24
61	32	23
61	31	23
61	30	23
61	29	23
61	28	23
61	27	23

35	58	12
36	57	12
37	57	12
38	56	12
39	55	11
40	54	11
41	53	11
42	53	11
43	53	11
44	52	11
44	51	11
45	50	11
46	50	11
47	49	11
48	48	10
49	47	10
50	47	10
51	46	10
52	45	10
53	45	10
54	44	10
55	43	10
56	43	10
57	42	10
58	41	10
59	40	10
60	39	10
61	38	10
62	38	10
63	38	10
64	37	10
65	36	10
66	35	10
67	35	10
68	35	10
69	35	10
70	34	10
71	34	10
72	33	10
73	33	10
74	32	10

34	58	14
34	58	14
34	57	14
34	56	14
34	55	14
35	54	14
35	53	14
35	52	14
35	51	14
35	50	14
35	49	14
36	48	14
36	47	14
37	46	14
37	45	14
37	44	14
37	43	14
37	42	14
38	41	13
38	40	13
38	39	14
38	38	14
38	37	14
39	36	14
39	35	14
40	34	13
40	33	13
41	32	14
41	31	14
40	30	14
40	29	14
40	28	14
41	27	14
41	26	14
41	25	14
41	24	14
41	23	14
41	22	14
41	21	14
41	20	14
40	19	14
40	18	14
39	17	14
39	16	14
40	15	13
40	14	13
39	13	13
39	12	13
38	11	13
38	10	13
38	9	13
37	8	13
37	7	13
37	6	13
36	5	12
36	5	12
35	4	12
35	3	12
34	2	12
33	1	11
32	0	11
31	0	11
30	0	10
29	0	10

16	112	5
17	111	4
17	110	4
17	109	4
17	108	4
17	107	4
18	106	4
19	105	4
20	104	4
21	103	4
22	102	4
23	101	4
24	100	4
25	99	4
26	98	4
27	97	4
28	97	4
29	97	4
30	97	4
31	97	4
32	97	4
33	97	4
34	98	4

16	113	4
16	114	4
16	115	4
16	116	4
15	117	4
14	118	4
13	118	4
12	119	4
12	120	4
12	121	4
12	122	4
12	123	4
13	123	3
14	123	3
15	123	3
15	123	3
15	124	3
15	125	3
15	126	3
15	127	3
14	128	3
14	129	3
14	130	3
13	131	3
13	132	3
12	133	3
11	134	4
11	135	4
11	136	4
12	137	3
12	138	3
11	139	4
11	139	5
12	140	6
13	141	6
14	142	6
15	143	6
16	144	6
17	145	6
18	146	6
19	146	6
20	147	6
21	147	6
22	147	6
23	148	6
24	149	6
25	149	6
26	149	6
27	149	6
28	150	6
29	151	6
30	152	6
31	153	5
31	154	5
32	155	6
33	156	6
34	157	5
35	157	5
36	158	5
37	159	5
38	160	5
38	161	5
38	162	5
39	163	5
40	164	5
40	165	5
41	166	5
42	167	4
43	168	4
44	169	4
45	170	4
45	171	4
45	172	5
45	173	5
46	174	4
46	175	4
46	176	4
46	177	4
46	178	4
47	179	4
47	180	4
47	181	4
47	182	4
47	183	4
48	184	3
48	184	3
48	185	3
48	186	3
48	187	3
48	188	3
49	189	3
49	190	3
49	191	2
49	192	2
49	193	2
49	194	2
49	195	2
49	196	2
50	197	2
51	198	1
51	199	1

11	146	20
12	147	21
12	148	22
12	149	22
12	150	22
12	151	22
13	152	22
13	153	22
13	154	23
13	155	23
14	156	24
14	157	24
14	158	24
15	158	24
16	159	24
17	160	24
18	161	24
19	162	24
20	163	24
21	164	25
22	165	25
23	166	25
24	167	26
25	168	26
26	169	26
27	170	25
27	171	25
28	172	25
29	172	25
30	173	25
31	174	25
32	174	25
33	175	25
34	176	25
35	177	25
36	177	25
37	178	25
38	179	25
39	180	25
39	181	25
40	182	26
41	183	26
41	184	26
42	185	26
42	186	26
43	187	26
44	188	27
44	189	27
45	190	28
46	191	28
47	192	28
48	193	28
49	193	28
50	194	29
51	195	29
52	196	30
53	196	30
54	196	30
55	196	31
56	196	31
57	196	31
58	196	31
59	196	31
60	196	31
61	196	31
62	196	31
63	196	31
63	196	31
64	196	32
65	196	32
66	196	32
67	196	32
68	196	33
69	196	33
70	196	34
71	196	34
72	196	34
73	197	35

4	136	16
4	137	17
4	138	18
5	139	19
6	139	19
7	140	19
8	141	19
9	142	19
10	143	19
10	144	19
11	145	19
11	145	19

65	191	14
65	192	14
64	193	14
64	194	14
64	195	14
65	196	14
66	197	14
66	198	14
66	199	14
67	200	13
68	200	13
69	201	13
69	202	13
69	203	13
69	204	13
70	205	12
70	206	12
70	207	12
71	208	13
71	209	13
72	210	13
73	211	12
74	212	12
75	213	12
75	214	12
74	215	12
74	215	12

96	57	22
97	56	21
98	56	21
99	55	21
100	54	21
100	53	21
101	52	21
101	51	21
102	50	21
103	49	21
104	48	21
105	47	21
105	46	21
106	45	21
107	44	21
108	43	22
109	42	22
110	41	22
111	40	22
112	39	22
113	38	23
113	37	23
113	36	23
114	35	23
114	34	23
115	33	23
115	32	23
115	31	23
116	30	23
116	29	23
117	28	24
118	27	25
119	27	25
120	27	25

97	56	23
97	56	24
97	56	25
97	55	26
97	55	27

63	19	27
62	20	27
62	21	27
62	22	27
61	23	26
61	24	26
61	25	25
61	26	24

61	25	23
61	24	23
61	23	22
61	22	21
61	21	21
61	20	21
61	19	21
61	18	20
61	17	20
61	16	20
62	15	20
62	14	20
62	13	20
62	12	20
62	11	19
63	10	18
63	9	18
63	8	18
64	7	18
65	7	17
66	7	17
67	7	17
68	7	18
69	7	18
70	6	17
71	6	17
72	5	18
73	5	18
74	4	18
75	4	18
76	3	18
76	2	18
77	1	19
78	0	20
78	0	20
79	0	21
80	0	21
81	0	22
82	0	23
83	0	24
84	1	25

75	31	10
76	30	11
76	29	11
76	28	11
77	27	11
78	26	11
78	25	11
79	24	11
79	23	11
80	22	11
81	21	11
82	20	10
82	19	10
83	18	10
83	17	10
84	16	10
85	15	10
85	14	10
85	13	10
86	12	9
87	12	8
87	12	7
88	13	6

76	32	10
77	32	10
78	33	11
79	33	11
80	34	11
81	34	11
82	35	11
83	35	11
84	36	12
85	36	12
86	37	13
87	38	14
87	39	15
87	39	16
88	40	17
89	41	18
90	41	19
91	42	20
91	42	21
91	42	22
91	42	22
92	43	23
92	44	23
91	45	24
91	45	25
91	46	25
92	47	26
92	48	26
93	49	26
93	50	26
94	51	27
95	52	27
95	53	27
96	54	26
96	54	26

35	97	4
36	98	4
37	98	4
38	99	4
39	100	4
40	101	4
41	102	4
41	103	4
41	104	4
41	105	4
41	106	4
41	107	4
42	108	4
43	109	5
44	109	5
45	109	5
45	109	5
46	110	5
47	110	4
48	110	4
49	110	4
50	111	5
50	112	4
50	113	4
51	114	5
52	115	5
53	116	5
54	117	5
54	118	5
55	119	5
56	119	5
57	120	5
57	121	5
57	122	5
58	123	5
59	124	5
59	125	5
60	126	5
60	127	5
61	128	5
62	129	5
63	129	5
64	128	4
65	128	4
66	128	4
67	129	4
68	130	4
69	130	4
70	130	4
71	130	4
72	130	4
73	131	4
73	132	4
73	133	4
73	133	4

35	96	4
34	95	4
34	94	4
33	93	4
33	92	4
33	91	4
33	90	4
33	89	4
33	88	4
33	87	4
33	86	4
32	85	4
31	85	4
30	84	4
30	83	4
30	82	3
30	81	3
31	80	4
31	79	4
32	78	3
33	77	4
34	77	4
35	76	4
35	75	4
36	74	4
37	73	4
38	72	3
39	71	3
39	70	3
40	69	3
41	69	3
42	69	3
43	68	3
44	67	3
45	67	3

90	183	4
89	184	4
89	185	4
88	186	4
88	187	4
89	188	4
89	189	4
89	190	4
89	191	4
88	192	4
87	193	4
86	194	5
86	195	5
86	196	6
86	197	7
86	198	8
86	199	8
86	200	8
85	201	7
85	202	7
84	203	7
83	204	7
82	205	8
82	206	8
81	207	8
81	208	8
80	209	8
80	210	8
80	211	9
80	212	9
79	213	10
78	214	10
77	215	11
76	216	11
75	216	11

74	217	12
75	218	11
76	219	11
77	220	11
77	221	11
77	222	11
78	223	11
78	224	11
78	225	11
79	226	11
80	227	11
81	228	11
81	229	11
81	230	11
81	231	11
82	232	11
82	233	11
82	234	11
83	235	11
84	235	11
85	236	11
85	237	11
85	238	11
86	239	11
87	240	11
88	240	11
88	241	10
88	242	10
87	243	10
87	244	10
88	245	10
89	246	10

121	26	26
121	26	25
122	25	24
123	25	24
124	24	24
124	23	24
124	22	23
124	21	23
125	20	22
126	19	21

121	26	27
121	26	28
122	27	29
122	27	29
123	28	30
124	29	31
124	30	32
124	31	32
125	32	33
126	33	33
127	34	33
128	35	33
129	36	33
130	37	33
130	38	33
130	39	33
130	40	33
131	41	34

98	56	28
99	56	28
100	57	28
100	58	28
101	59	29

36	24	34
37	25	33
38	25	32
39	25	32
40	26	31
41	26	30
42	26	30
43	27	30
44	27	30
45	27	30
46	26	30
47	26	30
48	26	29
49	26	29
50	26	29
51	27	29
52	28	29
53	28	29
54	27	29
55	26	28
56	26	28
57	26	29
58	26	29
59	25	28
60	24	28
61	23	28
62	22	28
63	21	28
64	20	28

64	19	27
65	18	27
66	17	26
67	17	26
68	16	27
69	16	27
70	16	27
71	15	27
72	14	27
72	13	27
73	12	27
74	11	27
75	10	26
76	9	26
77	9	26
78	9	26
78	9	26
79	8	26
80	7	26
81	7	26
82	6	26
83	5	26
83	4	26
84	3	26

85	2	26
86	2	26
87	2	26
88	2	26
89	1	27
90	1	27
91	0	28
92	0	29
93	0	29
94	0	29
95	1	30
96	2	31
97	2	31
98	2	31
99	2	31
100	3	31
101	3	31
102	3	31
103	3	31
104	3	31
105	4	31
106	5	31
107	5	31
108	4	32
109	4	32
109	4	32
110	5	32
111	6	32
112	6	32
113	6	32
114	6	32
115	6	32
116	6	32
117	6	32
118	7	32
118	7	32
119	7	32
120	6	33
121	6	33
122	6	33
123	7	33
124	7	33
125	7	32
126	7	32
127	8	32
128	8	32
129	8	32
130	8	32
131	7	32
132	7	32
133	6	32
134	5	33
134	4	33
135	4	33
136	4	33
137	5	34
138	5	34

89	14	5
89	15	5
90	16	5
90	17	5
91	18	5
92	19	5
93	20	5
94	21	4
94	22	4
94	23	5
94	24	5
94	25	5
94	26	5
95	27	4
95	28	4
96	29	4
97	30	4
98	31	4
98	32	4
98	33	4
99	34	4
100	35	4
100	36	4
100	37	4
101	38	4
102	39	4
102	40	4
102	41	4
102	42	4
102	43	4
102	44	4
102	45	4
102	46	4
103	47	4
104	48	4
104	49	4
105	50	4
105	50	4
105	51	4
105	52	4
105	53	4
105	54	4
105	55	4
106	56	4
107	56	4
108	56	4
109	57	4
110	58	4
111	59	4
111	60	4
111	61	4
110	62	3
110	63	3
110	64	3
111	65	3
112	66	3
113	67	3
113	68	3
113	69	2
113	70	2

88	13	5
87	12	4
87	11	4
86	10	5
86	10	5
85	9	6
85	8	6
85	7	7
84	6	7
84	5	7
83	4	6
82	3	5
82	2	4
82	1	3

74	134	4
73	135	5
72	136	5
71	137	4
70	138	4
69	139	4
69	140	4
69	141	4
70	142	4
70	143	4
70	144	4
71	145	4
72	146	4
72	147	4
73	148	4
74	149	4
74	150	4
74	151	4
75	152	3
76	153	3
76	154	3
76	155	4
76	156	4
76	157	4
76	158	4
77	159	3
78	160	3
78	161	3
79	162	3
80	162	3
81	162	3
82	163	3
83	164	3
84	165	3
84	166	3
85	167	2
86	168	2
86	169	2
86	170	2
86	171	2
85	172	3
85	173	3
85	174	3
86	175	3
87	176	3
87	177	3
87	177	3
88	178	3
89	179	4
89	180	4
89	181	4
90	182	4

75	133	4
75	132	4
76	131	4
76	130	4
76	129	4
77	128	4
78	127	4
79	127	4
80	126	5
81	125	5
82	124	5
83	123	5
84	123	5
85	122	5
86	121	5
87	120	5
87	119	5
88	118	5
89	117	5
90	116	5
91	116	5
92	115	5
92	114	5

46	66	3
47	66	3
48	66	3
49	66	3
50	66	3
51	65	3
52	65	3
53	65	3
54	64	3
55	64	3
55	63	3
55	62	3
56	61	3
57	61	3
58	61	3
59	61	3

0	28	11
0	29	10
0	30	10
1	30	10
2	31	9
3	32	8
4	32	8
5	33	8
6	34	7
7	35	7
8	36	7
9	37	7
10	38	7
10	39	7
11	40	6
12	41	6
13	42	6
14	43	5
15	44	5
16	44	5
17	45	6
18	46	6
19	46	6
20	46	6
21	47	6
22	48	5
23	49	5
23	50	5
24	51	5
25	52	5
26	53	5
27	54	5
28	54	5
29	54	5
30	55	5
31	55	5
32	56	5
33	56	5
34	57	4
35	58	3
36	58	3
37	58	3
38	59	3
39	60	3
40	61	3
41	62	2
42	63	2
43	64	3
44	64	3
45	65	3

90	248	9
89	249	9
89	250	9
89	250	8
89	250	7
89	249	6
89	249	5
90	248	4
91	248	3
92	248	2
93	248	2
94	248	2
95	248	2
96	247	1
97	247	1
98	247	1
99	247	1
100	247	1
101	247	1
102	247	1
103	247	1
104	247	1
105	246	0
105	245	0
106	244	0
107	243	0
107	242	0
108	241	0
108	240	0
108	239	0
108	238	0
109	237	1
109	236	1
109	235	1
109	234	1
109	233	1
109	232	1
110	231	1
111	230	1
111	229	1
112	228	1
113	227	1
114	227	1
115	226	2
116	225	2
117	224	2
118	223	2
119	222	2
120	222	2
121	222	2
122	221	3
123	221	3
124	221	3
125	220	3
126	219	4
126	218	4
127	217	5
128	216	5
129	215	6
129	214	6
129	213	6
130	212	7
130	211	7
130	210	7
129	209	8
129	208	8
128	207	9
127	206	9
126	205	9
126	204	9
125	203	9
125	202	9
124	201	9
124	200	9
123	199	9
122	198	9
121	197	9
120	196	9
119	195	9
118	194	9
117	193	9
116	192	8
115	191	9
114	191	9
113	190	8
112	190	8
111	190	8
110	189	8
109	188	8
108	188	8
107	187	8
106	187	8
105	186	7
104	186	7
103	185	6
102	185	6
101	185	6
100	185	6
99	185	6
98	184	6
97	183	6
96	183	5
95	183	5
94	183	5
93	183	5
92	183	4
91	183	4

90	247	10
91	247	10
92	247	10
93	246	11
94	245	11
94	244	11
95	243	12
96	242	12
97	242	12
98	242	12
99	241	12
100	240	13
101	240	13
102	240	13
103	239	13
104	238	13

126	20	20
125	20	19
124	20	18
123	21	17
123	22	17
123	23	16
123	24	16
123	25	16
123	26	16
123	27	16
123	28	16
123	29	16
123	30	15
123	31	15
123	32	15
123	33	15
123	34	15
123	35	15
123	36	15
123	37	15
123	38	15
124	39	15
124	40	15
124	41	15
124	42	15
124	43	14
124	44	14
124	45	14
125	46	14
126	47	14
126	48	14
126	49	14
126	50	14
126	51	14
126	52	14
126	53	14
126	54	14
126	55	14
126	56	14
125	57	14
125	58	14
126	59	14
126	60	14
126	61	13
126	62	13
126	63	13
126	64	14
126	65	14
127	66	14
128	67	13
129	68	13
130	69	13

127	20	21
128	20	21
129	21	21
130	22	22
131	22	22
132	23	22
132	24	22
132	25	22
133	25	22
134	25	22
135	26	22
135	27	22
135	28	22
135	29	22
135	30	22
136	31	22
137	32	22
137	33	22
137	34	22
138	35	22
139	36	22
140	37	22
141	37	22
142	38	22
143	39	22
144	40	22
145	41	22
146	42	22
147	43	22
148	44	22
148	45	22
148	46	22
149	47	22
150	47	22
150	47	22
151	48	22
152	49	22
153	50	22
153	51	22
153	52	22
153	52	22
154	53	21
155	53	21
156	53	22
157	53	22
158	54	22
159	54	22
160	55	22
161	56	22
162	56	22
163	57	22
164	58	22
164	59	22
164	60	22
164	61	22
164	62	22
165	63	22
166	64	22
167	65	22
168	65	22
169	66	22
170	67	22
170	68	22
171	69	22
172	70	22
172	71	22
172	72	22
172	73	22
172	74	22
173	75	22
174	76	22
174	77	22
175	78	22
176	79	22
177	79	22
178	80	22

100	60	31
101	59	30
101	59	30

102	60	28
103	61	29
103	62	30
103	63	30
104	64	30
104	65	30
104	66	30
105	67	31
105	68	31
106	69	31
106	70	31
105	71	32
105	72	32
105	73	32
105	74	32
105	75	32
105	76	32
105	77	32
105	78	32
105	79	32
105	80	32
105	81	32
106	82	32
107	82	32
108	82	32
109	83	32
109	84	32
110	85	32
111	86	32
111	87	32
111	88	32
112	89	32
113	90	31
114	90	31
115	90	31
116	91	30
117	92	30
118	93	30
119	94	31
120	95	31
121	96	30
122	96	30
123	96	30
124	97	30
125	98	30
125	99	30
126	100	30
127	101	30
127	101	30
128	101	31
129	101	31
130	101	31
131	102	32
132	102	32
133	102	32
134	102	32
135	103	33
136	102	33
137	102	33
138	101	34
139	101	34
140	102	33
141	102	33
142	102	33
143	102	33
144	102	33
145	101	33
146	101	33
147	100	33
148	100	33
149	100	33
149	100	33
150	100	32

93	113	4
94	114	3
95	115	3
96	116	3
97	117	3
98	117	3
99	118	3
99	119	3
100	120	2
101	121	2
102	122	2
103	123	2
104	124	2
104	125	2
105	126	2
105	127	2
105	127	2
106	127	2
107	127	2
108	128	3
108	129	3
109	130	2
110	131	3
110	132	3
111	133	3
112	134	2
112	135	2
113	136	3
114	137	2
114	138	2
114	139	2
114	140	2
115	141	3
115	142	2
115	143	2
115	144	2
114	145	2
114	146	2
114	147	2

92	112	5
92	111	5

59	60	3
58	59	3
58	58	3
57	57	3
56	56	4
56	55	4
56	54	3
56	54	3
56	53	3
56	52	3
56	51	3
56	50	3
55	49	3
54	48	3
54	47	3

60	62	3
61	63	3
62	64	3
62	65	3
62	66	3
62	67	3
63	68	3
64	69	3
65	69	3
66	69	3
67	70	3
67	71	3
66	72	3
66	73	3
66	74	3
67	75	3
68	75	3
68	76	3
68	77	3
69	78	3
70	79	3
71	80	4
72	80	4
73	81	4
74	82	4
74	83	4
74	84	4
75	85	3
75	86	3
75	87	4
75	88	4
76	89	4
76	90	4
77	91	4
78	92	4
78	93	4
78	94	4
79	95	4
80	96	4
81	97	4
82	98	4
82	99	4
83	100	3
83	101	3
84	102	3
85	103	3
86	104	3
86	105	3
87	106	3
87	107	3
87	108	3
88	109	3
89	110	3
90	110	3
91	110	3
92	110	4

118	196	19
118	197	19
118	198	20
118	199	20
118	200	20
118	201	20
118	202	20
118	203	20
118	204	19
118	205	18
118	206	18
118	207	19
118	208	19
118	209	19
118	210	19
117	211	18
117	212	18
117	213	18
116	214	18
116	215	18
116	216	18
115	217	17
114	218	17
114	219	17
114	220	17
114	221	17
114	222	17
113	223	17
112	223	17
111	224	16
110	225	16
110	226	16
110	227	16
109	228	16
108	229	15
107	230	15
107	231	15
106	232	14
106	233	14
106	234	14
106	235	14
106	236	14
105	237	13
105	237	13

106	238	13
107	238	13
108	238	13
109	238	13
110	238	13
111	238	14
112	237	15
113	237	15
114	237	15
115	237	15
116	237	16
117	237	16
118	237	16
119	238	17
120	239	17
121	239	17
122	240	17
123	240	17
124	240	17
125	240	17
126	240	17
127	240	17
128	240	17
129	241	17
130	241	17
131	241	17
132	240	17
132	239	17
132	239	17

129	70	13
128	71	13
128	71	13
128	72	13
129	73	13
129	74	13
129	75	13
130	76	13
130	77	13
130	78	13
131	79	13
131	80	13
131	81	13
131	82	13
131	83	13
131	84	13
130	85	13
130	86	13
130	87	13
130	88	13
129	89	14
129	90	14
129	91	14
129	92	14
129	93	14
129	94	14
129	95	14
130	96	14
130	97	14
130	98	14
130	99	14
130	100	15
130	101	15
130	102	15
131	103	14
131	104	14
131	105	14
132	106	14
132	107	14
132	108	14
132	109	14
132	110	14
132	111	14
132	112	14
133	113	14
134	114	14
135	115	14
136	116	15
137	117	15
137	118	15
137	119	15
137	120	15
137	121	15
138	122	15
139	123	16
139	124	16
140	125	16
140	126	16
140	127	16
141	128	17
142	129	17
143	130	17

131	68	13
131	67	13
131	66	13
132	65	13
133	64	13
134	63	12
134	62	12
135	61	12
136	60	11
137	60	11
138	59	10
139	59	10
140	59	10
141	60	9
142	61	9

179	80	22
179	79	22
180	78	21
181	77	21
182	76	21
183	75	21
184	74	21
185	73	20
186	72	20
187	71	20
188	71	20
189	70	20
190	70	20
191	70	20
192	71	19
192	72	19
193	73	19
194	73	19
195	73	19
196	72	18
197	72	18
198	72	18
199	72	18
200	73	17
201	73	17
202	73	18
203	73	18
204	73	18
205	74	17
206	75	17
207	75	17
208	74	17
209	73	17
210	73	17
211	73	16

178	81	22
178	82	22
179	83	22
180	84	22
181	85	22
181	86	22
182	87	21
183	88	21
184	89	21
185	90	21
186	91	21
187	92	21
188	93	21
189	94	22
189	95	22
188	96	21
188	96	21
191	96	21
192	97	21
193	98	21
193	99	21
193	100	21
194	101	21
195	102	21
196	103	21
197	104	21
198	105	21
199	106	21
199	107	21
199	108	20
199	109	20
199	110	20
200	111	21
200	112	21
200	113	21
201	114	21
201	115	21
201	116	21
201	117	21
201	118	21
202	119	20
203	120	20
204	121	20
205	122	20
206	123	20
207	124	20
207	125	20
208	126	20
208	127	20
209	128	19
210	129	19
211	130	19
212	131	19
212	132	19
213	133	19
213	134	19
213	135	19
214	136	19
215	137	19
215	138	19
216	139	19
217	140	18
217	141	18
218	142	18
219	143	18
220	144	18
221	145	18
222	146	18
223	147	18
224	148	18
224	149	18
224	150	18
224	151	18
225	151	18
226	152	18
227	153	18
227	154	18
227	155	17
227	156	17
228	157	17
228	158	17
229	159	17
230	160	17
230	161	17
231	162	17
232	163	17
233	164	17
234	165	16
235	166	16
236	167	17
237	168	17
238	169	16
238	170	16
238	171	16
238	171	16
238	172	16
239	173	16
240	174	16
241	174	16
242	175	16
243	176	16
244	177	17
245	178	17
246	179	16
247	180	15
247	181	15
248	182	14
249	183	14
250	183	14
251	184	14
252	185	14
253	186	14
253	187	14
253	188	14
253	189	14
253	190	14
253	191	13
253	191	12

84	84	12
85	85	11
86	86	11
86	87	11
86	88	11
87	89	11
88	90	10
89	91	10
90	92	10
91	93	9
92	94	9
92	95	9
92	96	9
93	97	9
93	98	9
94	99	9
94	100	9
95	101	8
95	102	7
95	103	7
95	104	7
95	105	7
95	106	8
94	107	8
94	107	8
94	108	7
93	109	6
93	110	6

119	195	20
120	194	21
121	193	21
121	192	21
121	191	21
121	190	22
121	189	22
121	188	22
120	187	23
120	186	24
120	185	24
120	184	25
120	183	25
121	182	24
121	181	24
121	180	24
120	179	25
119	178	25
119	177	25
119	176	25
119	175	25
118	174	25
118	173	25
118	172	25
118	171	25
118	170	25
118	169	26
118	168	26
118	167	26
118	166	25
118	165	25
118	164	26
118	163	26
117	162	26
117	161	26
117	160	27
117	159	27
118	158	27
118	157	27
118	156	27
118	155	27
117	154	28
117	153	28
117	152	28
117	151	28
116	150	28
115	149	28
115	148	28
115	147	28
115	146	28
116	145	29
116	144	30
116	143	30
116	142	30
116	141	30
116	140	30
117	139	31
117	138	31
117	137	31
116	136	31
115	135	31
115	135	31
115	134	32
114	133	33
114	132	33
114	131	33
115	130	32
115	130	32
116	130	32
117	130	32
118	129	33
119	129	33
120	128	34
120	127	34
120	126	34
120	125	34

91	101	15
91	102	15
91	103	15
90	104	15
90	105	15
90	106	15
90	107	15
89	108	16
89	109	16
89	110	15
89	111	15
89	112	15
89	113	15
89	114	15
88	115	15
88	116	15
88	117	15
88	118	15
88	119	15
89	120	14
89	121	14
88	122	15
87	123	15
87	124	15
87	125	15
86	126	15
86	127	15
86	128	15
87	129	14
87	130	14
87	131	14
87	132	14
88	133	15
88	134	15
89	135	15
89	136	15
89	137	15
90	138	15
90	139	15
90	140	15
91	141	15
91	142	15
92	143	15
92	144	15
92	145	15
92	146	15
93	147	15
94	148	15
94	149	15
95	150	15
95	151	15
96	152	15
97	153	15
97	154	15
98	155	15
99	156	15
100	157	15
101	158	14
101	159	14
102	160	14
103	161	14
104	162	14
105	163	14
105	164	14
105	165	14
106	166	14
107	167	14
107	168	13
107	169	13
107	170	13
107	170	14
108	171	14
109	172	14
110	173	14
110	174	14
111	175	14
112	176	14
113	177	14
113	178	14
113	179	14
113	180	14
113	181	14
114	182	15
114	183	15
114	184	15
115	185	16
115	186	16
115	187	16
115	188	17
115	189	18
115	190	18
115	191	18
116	192	19
116	193	19
117	194	19
118	195	20

139	229	30
139	230	29
138	231	28
138	231	27
138	231	26
138	231	25
138	231	24
138	231	23
138	231	22
137	232	21
137	233	21
136	234	20
135	235	20
134	236	20
133	237	19
133	238	18

133	240	18
134	241	17
134	241	16
135	241	16
136	242	16
137	243	15
138	244	14
138	245	14
139	246	14
140	247	13
141	248	12
141	248	12
142	249	12
143	249	12
144	249	12
145	250	11
145	251	11
146	252	10
147	253	9
148	253	9
149	253	8

142	131	17
142	132	17
142	133	17
141	134	16
141	135	16
141	136	16
141	137	16
141	138	16
141	139	15
141	140	15
142	141	15
142	142	15
142	143	15
142	144	15
143	145	16
143	146	16
143	147	16
144	148	16
145	149	16
145	150	16
146	151	17
147	152	17
147	153	17
147	154	17
147	155	17
147	156	17
148	157	16
148	158	16
148	159	16
149	160	16
149	161	16
150	162	16
150	163	16
150	164	16
150	165	16
151	166	16
151	167	16
152	168	16
152	169	16
153	170	16
154	171	16

161	169	29
161	168	29
161	167	29
161	166	29
160	165	28
160	164	28
159	163	28
158	162	28
158	161	28
158	160	28
159	159	27
159	158	27
159	157	27
159	156	27
158	155	27
158	154	27
158	153	27
158	152	26
158	151	26
158	150	26
157	149	26
157	148	26
157	147	25
157	146	25
157	145	25
157	144	25
156	143	24
155	142	24
155	141	24
155	140	24
154	139	24
154	138	24
153	137	24
152	136	23
151	136	22
150	135	21
149	134	21
148	133	20
147	132	19
146	132	19
145	131	18
144	131	18

143	61	9
143	61	9
144	60	9
144	59	9
144	58	9
145	57	9
146	56	9
147	55	9
148	54	8
149	54	8
150	54	8
151	53	8
152	53	8
153	52	7
154	52	7
155	52	7
156	52	7
157	52	7
158	52	6
159	52	6
160	52	6
161	52	6
162	52	6
163	52	6
164	52	6
165	52	6
166	53	7
167	53	7
168	53	6
169	53	6
170	53	5
171	53	5
172	54	5
173	54	5
174	54	5
174	55	5
175	55	5
176	56	6
177	56	6
178	56	5
179	55	5
180	55	5
181	55	5
182	56	4
183	56	4
184	56	4
185	55	4
186	54	4
187	53	5

143	62	9
144	63	8
144	64	8
144	65	8
144	66	9
144	67	9
144	68	9
145	69	8
145	70	8
146	71	8
146	72	8
147	73	8
147	74	8
147	75	8
147	76	8
147	77	8
148	78	8
149	79	8
149	80	8
150	81	7
150	82	7
150	83	7
151	84	7
152	85	7
153	86	7
154	87	8
155	87	8
156	87	8
157	88	7
158	89	6
159	90	6
160	90	6
161	91	6
162	91	6
163	92	6
164	93	6
165	93	6
166	94	7
167	95	7
168	96	6
169	97	6
170	98	6
171	99	6
172	100	6
173	100	6
174	101	6
174	102	5
174	103	5
175	104	5
176	105	4

212	72	16
212	71	16
213	70	15
214	69	14
214	68	14
214	67	14
214	66	14
214	65	14
214	64	14
215	63	13
215	62	13
216	61	13
217	60	12
218	60	12
219	61	11

212	73	16
213	74	16
213	75	16
214	76	16
215	77	16
216	77	16
217	78	17
217	79	17
217	80	17
218	81	17
219	81	17
220	82	17
221	83	17
222	84	17
223	85	17
224	86	17
225	86	17
226	87	17
227	88	17
228	88	17
229	89	17
230	90	17
231	90	17
232	90	17
233	90	17
234	90	17
235	91	18
236	92	18
237	93	18
237	94	18
238	95	18
238	96	18
239	97	18
240	97	18
241	98	18
241	98	18
242	99	18
243	100	18
244	100	18
245	100	18
246	101	18
246	102	18
246	102	18
247	103	19
248	104	19
249	105	19
250	106	19
251	107	19
252	108	19
253	109	18

91	99	15
91	98	15
91	97	15
91	96	15
91	95	15
91	94	15
91	93	15
91	92	16
91	91	16
91	90	16
91	89	15
91	88	15
91	87	15
90	86	15
90	85	15
90	84	15
89	83	14
89	82	14
89	81	14
88	80	13
87	80	13
86	80	13
85	81	13
84	82	13

90	100	20
89	99	20
88	98	20
87	98	20
86	98	20
85	97	20
84	96	20
83	95	20
82	94	19
81	93	19
81	92	19
80	91	19
80	90	19
79	89	19
79	88	18
79	87	18
78	86	18
78	85	18
77	84	17
77	83	16
77	83	15
78	83	14
78	83	13
79	83	13
80	83	13
81	83	12
82	83	12
83	83	12
83	83	12

90	100	19
91	100	18
92	100	17
92	100	16

137	178	34
136	178	34
135	178	34
134	178	34
133	178	33
132	177	32
131	177	32
130	177	32
129	177	32
128	178	33
127	178	33
126	178	33
125	179	32
124	180	32
123	180	32
122	181	32
122	182	32
121	183	31
120	184	31
120	184	31
120	185	31
120	186	31
120	187	31
119	188	31
119	189	31
119	190	31
120	191	31
120	192	31
121	193	31
122	194	31
122	195	31
122	196	31
123	197	30
124	198	30
124	199	30
125	200	30
126	201	30
127	202	30
128	203	29
129	204	29
130	205	29
130	206	29
131	207	29
131	208	29
132	209	29
133	210	29
133	211	29
134	212	29
135	213	29
136	214	29
135	215	29
134	216	28
134	217	28
135	218	28
136	219	28
137	220	28
137	221	28
138	222	28
138	223	28
139	224	28
139	225	28
140	226	27
140	227	27
140	227	27
140	227	28
140	227	29
139	227	30
139	227	31
139	226	31
140	225	32
141	225	32
139	228	32
139	229	31

140	230	32
139	231	32
138	232	32
138	233	32
138	234	32
138	235	32
138	236	32
138	237	32
137	238	32

155	171	16
156	171	16
157	170	16
158	169	16
159	168	17
159	167	17
160	166	17
161	165	16
162	165	16
163	164	16
164	164	16
165	163	16
166	163	16
167	163	15
168	163	15
169	162	16
170	162	16
171	162	16
172	161	16
173	161	16
174	160	15
175	160	15
176	159	16
177	159	16
178	159	16
179	159	16
180	158	16
181	157	16
182	156	16
183	156	16
184	156	15
185	156	15
186	157	15
187	157	15
188	156	14
189	156	14
190	156	14
191	156	13
192	156	13
193	156	13
193	156	12
193	156	11
194	157	10

154	172	16
155	173	16
155	174	16
156	175	17
157	176	17
158	177	17
159	178	17
159	179	17
160	180	16
160	181	16
160	182	16
161	183	16
161	184	16
161	185	16
161	186	16
162	187	17
163	188	17
164	189	17
164	190	17
165	191	17
165	192	17
165	193	17
166	194	17
166	195	17
166	196	17
167	197	16
167	198	16
167	199	16
168	200	16
169	201	17
170	202	17
170	203	17
170	204	17
170	205	17
170	206	17
171	207	16
172	208	16
172	209	16
173	210	16
173	211	16
173	212	16
173	213	16
174	214	16
174	215	16
175	216	16
176	217	16
177	218	16
178	218	16
179	219	17
180	220	17
181	221	17
182	221	17
183	222	17
183	223	17
183	224	17
183	225	17
183	226	17

175	199	31
174	198	31
173	197	31
172	196	31
171	195	31
170	194	31
170	193	31
170	192	31
170	191	31
169	190	31
168	189	31
168	188	31
168	187	30
167	186	30
167	186	30
167	185	30
167	184	30
168	183	30
168	182	30
168	181	30
167	180	30
167	179	30
167	178	30
167	177	30
166	176	30
165	175	30
164	174	30
163	173	30
162	172	29
162	171	29

162	170	29
162	170	29
163	171	29
164	172	29
165	173	30
166	173	30
167	172	30
167	171	30
168	170	29
169	169	29
170	168	28
171	168	28
172	168	28
173	168	28
174	167	28
175	167	28
176	167	28
177	166	27
178	166	27
179	165	28
180	164	28
181	164	28
182	165	27
183	165	27
184	165	27
185	165	27
186	166	26
187	166	26
188	166	26
189	167	25
190	168	24
190	169	23
191	170	22
192	170	22
193	171	21
194	172	21
194	173	21
195	174	20
195	175	20
196	176	19
197	177	19
198	178	18
198	179	18
199	180	17
199	181	17
199	182	16
199	183	15
199	184	15
199	185	15
199	186	15
200	187	15
200	188	15
201	189	14
201	190	14
201	191	14
202	192	13
202	193	13
203	194	13
203	195	13
203	196	13
203	197	12
203	198	12
204	199	12
204	200	12
204	201	11
204	202	11
205	203	10
206	204	10
207	205	9
208	206	9
209	207	8
210	208	8
211	208	8
212	209	8
213	209	8
214	210	7
215	210	7
216	210	7
217	211	6
218	211	6
219	211	6
220	211	6
221	211	6
222	212	6
223	213	5
224	213	5
225	213	5
226	212	5
226	212	5
226	213	5
227	213	5
228	213	4
229	213	4
230	212	4
231	212	4
232	212	4
233	212	3
234	211	2
235	211	2
236	211	2
237	211	2
238	210	2
239	210	2
240	209	2
241	208	1
242	207	1
242	206	1
242	205	1
242	204	1
243	203	1
243	202	0
243	201	0

188	52	4
189	52	4
190	52	4
191	53	4
191	54	4
191	55	4
192	56	4
193	57	4
193	58	4
194	59	4
195	60	4
195	61	3
195	62	3
196	63	3
197	64	3
198	65	3
198	66	3
198	66	3
199	67	3
200	68	3
201	69	3
202	70	3
202	71	3
203	72	2
203	73	2

157	0	1
158	0	2
159	0	2
160	0	3
161	1	4
161	2	4
161	3	4
161	4	3
161	5	3
162	6	3
162	7	3
162	8	3
162	9	3
162	10	3
162	10	3
163	11	3
164	12	3
165	13	3
165	14	3
166	15	3
167	16	3
167	17	3
167	18	3
167	19	3
167	20	3
168	21	3
168	22	3
168	23	3
169	24	3
169	25	3
170	26	3
171	27	3
172	28	3
173	29	3
174	30	3
175	31	3
175	32	3
176	33	3
177	34	3
178	35	3
178	36	3
178	37	3
179	38	3
180	39	3
180	40	3
181	41	4
182	42	4
183	43	4
184	44	4
185	45	4
186	46	4
187	47	4
187	48	4
187	49	4
187	50	4
187	51	4

175	106	4
174	107	4
173	108	3
172	108	3
171	109	3
170	110	3
169	111	3
168	112	3
167	112	3
166	112	3
166	112	3
166	113	3
165	114	3
164	114	3
163	115	3
162	116	3
161	117	4
160	118	4
159	119	4
158	120	4
157	120	4
156	120	4
155	121	4
155	122	4
154	123	4
154	124	4
154	125	4
153	126	5
152	127	5
152	128	5
152	129	5
151	130	6
151	131	6
151	132	6
151	133	6
152	134	6
152	135	6
153	136	6
154	137	6
154	138	6
155	139	6
156	140	6
156	141	6
157	142	6
158	143	6
159	144	6
160	145	6
161	145	6
162	146	6
163	147	6
164	148	6
164	149	6
165	150	6
166	151	7
167	152	7
168	153	6
169	154	6
170	155	6
171	156	6
172	156	6
173	156	6
174	156	6
175	156	6
176	156	6
177	157	6
178	158	6
179	158	6
180	158	6
181	158	7
182	158	7
183	158	7
184	159	7
185	159	7
186	159	7
187	160	7
188	160	7
189	160	6
190	160	6
191	160	6
192	160	7
193	159	8
194	158	9

177	106	4
178	107	4
179	108	4
179	109	4
180	110	5
181	111	5
182	112	5
183	113	5
184	114	4
184	115	4
185	116	4
185	117	4
186	118	4
187	119	4
188	120	4
189	121	4
190	122	5
190	123	5
191	124	4
191	125	4
191	126	3
191	127	3
192	128	3
193	129	3
194	129	3
195	130	3
196	131	3
197	132	3

220	60	11
220	59	11
220	58	11
221	57	12
221	56	12
221	55	12
221	54	12
220	53	12
220	52	12
220	51	12
221	50	12
221	49	12
221	48	12
221	47	12
221	46	12
222	45	13
222	44	13
223	43	13
224	42	13
225	43	12
226	42	12
226	41	12
226	40	12
226	39	12
226	38	12
227	37	12
227	36	12
228	35	12
228	34	12
229	33	12
229	32	12
229	31	12
229	30	12
229	29	12
230	28	11
230	27	11
231	26	11
232	26	11
233	25	10
233	25	10
234	25	9
235	25	8
236	25	8
237	25	9
238	25	10
239	25	10
240	25	10
241	25	10
242	25	10
243	26	9
244	26	9
245	27	8
245	27	8
246	27	8
247	27	8
248	28	8
249	28	8
250	28	8
251	29	8
252	30	8
253	31	8
253	32	8
253	33	7
253	34	6

220	61	11
221	61	11
222	62	10
223	62	9
224	62	9
225	62	8
226	62	7
227	62	6
227	62	5
228	63	4
229	64	3
229	65	3
230	66	3
230	67	3
231	68	3
231	69	3
231	70	3
231	71	2
231	72	2
230	73	2
230	74	2
230	75	2
230	76	2
230	76	2
231	76	2
232	77	2
232	78	2
232	79	2
232	80	2
233	81	2
234	82	2
235	83	2
236	84	1
237	85	0

91	100	21
92	100	21
93	100	21
94	100	21
95	101	22
96	102	22
97	103	22
98	104	22
99	104	22
100	105	23
101	105	23
102	105	23
103	106	24
104	106	24
105	106	24
106	106	24
107	107	23
108	107	23
109	108	24
110	108	24
111	108	24
112	108	25
113	108	25
114	108	25
115	109	24
116	109	24
117	109	25
118	109	25
119	109	25
120	108	25
121	108	25
122	108	25
123	109	26
124	110	26
125	110	26
126	110	26
127	110	26
128	111	26
129	111	26
130	111	26
131	112	26
132	111	26
133	111	26
134	111	26
135	112	26
136	112	26
137	112	26
138	112	26
139	112	26
140	113	27
141	113	27
142	114	27
143	114	27
144	114	27
145	114	27
146	114	27
147	115	27
148	116	27
149	117	27
150	118	27
151	118	27
152	119	27
153	119	27
154	120	27
155	121	27
156	121	27
157	122	27
158	123	27
159	123	27
160	123	27
161	123	27
162	124	27
163	124	27
164	124	27
165	124	27
166	124	27
167	124	27
168	125	27
169	125	27
170	125	28
171	125	28
172	125	28
173	126	28
173	127	28
174	127	28
175	128	28
176	128	28
177	129	28
178	130	28
179	130	28
180	130	28
181	130	28
182	130	28
182	130	28
183	131	29
184	132	28
185	133	28
186	133	29
187	134	30
188	135	30
189	135	30
190	136	31
191	137	31
192	137	31
193	137	30
194	137	30
195	137	31
196	137	31
197	138	31
198	139	31
199	140	32
200	140	32
201	140	32
202	141	32
203	142	32
204	143	32
204	144	32
205	145	32
206	146	33
206	147	33
207	148	33
208	148	33
208	148	33
209	148	33
210	149	33
211	149	33
212	150	33
212	151	33
213	152	33
214	153	33
215	153	33
216	153	33
217	153	34
218	153	34
219	152	34

136	237	32
135	236	32
134	235	32
133	235	32
132	234	32
132	234	32
131	234	33
130	234	33
129	234	34
128	234	34
127	234	34
126	233	34
125	233	34
124	232	35
123	231	35
122	230	34

138	239	32
138	240	32
138	241	32
138	242	32
138	243	32
138	243	32
137	244	31
137	245	31
137	246	31
137	247	31
138	248	32
138	249	32
138	250	32
138	251	32
138	252	32
138	253	31
138	253	30
139	253	29

195	157	10
196	157	9
197	157	9
198	157	8
199	157	7
199	157	7

184	227	17
185	227	17
186	226	17
187	225	18
188	225	18
189	225	18
190	224	19
191	224	19
192	224	19
193	224	19
194	224	20
195	224	20
196	224	20
197	224	20
198	224	20
199	224	20
200	224	20
201	224	21
202	224	21
203	224	21
204	225	21
205	225	21
206	226	22
207	227	22
208	227	22
209	228	22
210	229	23
211	230	23
212	230	23
213	231	23
214	231	23
215	232	24
216	232	24
217	233	25
218	234	25
219	235	25
219	236	25
220	237	25
221	238	25
222	239	25
223	240	26
223	241	26
224	242	25
225	243	25
225	244	25
225	245	25
225	246	25
225	247	25
226	248	25
226	249	25
227	250	26
227	251	26
228	252	27
229	253	28
229	253	29
229	253	30
230	253	31
230	253	32
230	253	33
230	253	34
229	252	34
228	251	33
228	250	33
227	249	33
226	248	32
225	247	32
224	246	32
223	245	32
223	244	32
222	243	33
221	242	34
220	241	35
219	240	35
218	239	35
218	238	35
217	237	34
217	236	34
217	235	34
216	234	34
216	233	34
215	232	33

183	228	17
183	229	16
183	230	16
183	231	16
183	232	16
183	233	16
183	234	16
184	235	16
184	236	16
184	237	16
185	238	15
185	239	15
185	239	15
186	240	15
187	241	15
187	242	15
188	243	15
188	244	15
188	245	15
188	246	15
188	247	14
188	248	14
188	249	14
188	250	14
188	251	14
189	252	13
190	253	12

141	217	34
142	216	33
143	215	33
144	215	33
145	214	33
145	214	33
145	213	33
145	212	33
146	211	33
147	210	33
148	209	33
149	208	34
150	208	34
151	208	34
152	208	34
153	207	33
154	206	33
155	206	33
156	206	33
157	206	33
158	205	33
158	204	33
158	204	33
158	204	33
159	204	33
160	204	33
161	204	33
162	204	33
163	203	33
164	202	32
165	201	32
166	201	32
167	202	32
168	202	32
169	203	32
170	203	32
171	203	32
172	203	32
173	203	32
174	202	31
175	201	31
176	200	31

177	201	31
177	201	31
178	201	31
179	202	32
179	203	32
179	204	32
180	205	32
180	206	32
181	207	32
182	208	33
183	209	33
184	210	33
185	211	33
186	211	33
187	212	33
188	213	33
189	214	33
190	214	33
190	215	33
191	216	33
192	217	33
193	218	33
194	218	33
195	219	33
196	220	33
197	221	33
197	222	33
198	223	33
198	224	33
199	225	32
199	226	32
198	227	33
199	228	33
200	228	33
201	229	33
201	230	33
202	231	33
203	232	34
204	232	34
205	232	34
206	232	34
207	232	33
208	232	33
209	233	34
210	233	34
211	233	34
212	232	33
213	232	33
214	231	33

199	134	4
198	133	3

210	144	1
209	143	2
208	143	2
207	143	2
206	143	2
205	142	2
204	141	3
203	140	3
202	139	2
201	138	2
201	137	2
200	136	2
200	135	2
199	134	2
198	134	2
198	134	2

200	158	6
201	159	5
202	159	5
203	159	5
204	158	5
205	158	5
206	159	5
207	160	4
207	161	4
207	162	4
207	162	4
208	163	4
208	164	4
209	165	3
210	166	2
211	166	2
212	167	2
213	168	2
214	168	2
215	168	2
216	169	2
217	170	2
218	170	2
219	170	2
220	170	1

200	156	6
200	155	6
200	154	6
199	153	6
199	152	6
199	151	7
199	150	7
199	149	6
199	148	6
200	147	7
200	146	7
200	145	7
200	144	8
200	143	8
199	142	7
199	141	7
199	140	7
199	139	8
199	138	8
199	137	8
200	136	7
199	135	6
199	134	6
199	133	5

215	230	33
214	229	33
213	228	33
213	227	33
213	226	33
213	225	33
214	224	34
214	223	34
215	222	33
215	221	33
215	220	33
215	219	34
215	218	34
215	217	34
216	216	34
217	215	34
218	214	34
219	214	34
219	213	34
219	212	34
220	211	34
220	210	34
219	209	33
219	208	33
219	207	33
219	206	33
219	205	33
220	204	33

199	132	5
199	131	6
199	131	7
200	130	8
200	129	9
200	128	9
200	127	8
200	126	8
201	125	8
201	124	8
201	123	8
201	122	8
202	121	8
202	120	8
202	119	8
202	118	8
203	117	8
203	116	8
204	115	8
205	114	8
205	113	8
206	112	9
207	111	9
208	110	9
209	109	8
210	108	8
210	107	8
211	106	8
212	105	8
213	105	7
214	105	7
215	106	7
216	106	7
217	106	7
218	106	7
219	107	8
220	107	8
221	107	8
222	107	8
223	108	8
224	108	8
225	108	8
226	109	8
227	110	8
228	110	8
229	110	8
230	110	8
231	111	7
232	111	7
233	112	7
234	112	7
235	111	7
236	111	7
237	111	7
238	112	7
239	113	7
240	114	7
241	115	7
242	115	7
243	116	6
243	117	6
243	117	6
244	117	6
245	118	6
246	118	6
247	118	6
248	119	6
249	119	6
250	120	6
251	120	6
252	120	6
253	121	5
253	122	5
253	123	5
253	124	5

220	203	33
221	202	34
222	202	34
223	201	33
224	201	33
225	201	32
226	201	32
227	200	32
228	200	32
229	200	32
230	201	32
231	202	31
232	202	31
233	202	31
234	202	31
235	202	31
236	202	32
237	202	32
238	203	32
239	204	31
239	204	31
240	204	31
241	205	32
242	205	32
243	206	32
244	207	32
245	207	32
246	207	32
247	206	31
248	206	31
249	205	30
250	204	31
251	204	31
252	203	30
253	202	29
253	201	28

219	202	33
218	201	33
217	200	33
216	200	33
215	199	33
214	198	33
213	197	33
212	196	33
212	195	33
212	194	33
212	193	33
212	192	33
211	191	33
210	190	33
209	190	33
208	189	33
207	188	33
206	188	33
205	187	33
204	186	33
203	185	33
203	184	32
203	183	32
203	183	32
204	183	32
205	183	32
205	182	31
205	181	31
205	180	31
204	179	32
204	178	32

110	6	1
111	5	2
112	5	2
113	5	2
114	4	2
115	3	3
116	3	3
117	3	3
118	2	4
119	1	4
120	0	5
121	0	5
122	0	5
123	1	5
124	2	6
124	3	6
125	4	6
126	5	6
126	6	6
126	6	6
127	7	6
127	8	6
128	9	6
129	10	6
130	11	6
130	12	6
131	13	7
132	13	7
133	14	8
134	14	8
135	15	8
136	15	8
137	15	7
138	15	7
139	15	7
140	15	8
141	15	8
142	16	9
143	16	9
144	16	9
145	16	9
146	16	9
147	16	10
148	16	10
149	16	10
150	16	11
151	17	12
152	18	12
153	18	12
154	19	12
155	20	13
156	20	14
157	20	14
158	20	14
159	21	14
160	22	14
161	23	14
162	24	15
163	24	15
164	24	15
165	25	16
166	25	16
167	25	16
168	25	16
169	25	16
169	25	16
170	25	16
171	26	16
172	26	16
173	27	17
174	27	17
175	28	17
176	28	17
177	28	18
178	28	18
179	28	18
180	28	18
181	28	18
182	29	18
183	29	18
184	30	17
185	30	16
186	30	15
187	30	14

194	22	11
193	22	11
192	23	12
192	24	12
191	25	13
191	26	13
190	27	13
189	28	13
188	29	13
188	30	13

189	31	14
190	31	14
191	32	14

192	31	13
192	30	13
193	29	13
193	28	13
194	27	13
195	26	12
195	25	12
196	24	11
195	23	10

195	22	9
196	21	8
196	20	8
196	19	8
195	18	9
194	17	10
194	17	10
193	16	11
193	15	11
192	14	10
192	13	10
192	13	10
192	12	10
192	11	10
193	10	11
193	9	11
193	8	11
192	7	11
191	6	12
190	5	13
189	4	13
189	3	13
189	2	13
189	1	13
188	0	14
187	0	14
186	0	14
185	0	15

207	44	26
208	44	26
209	43	26
210	43	26
211	43	26
212	43	26
213	43	26
214	42	26
215	42	26
216	42	26
217	43	26
218	43	26
219	42	27
220	42	27
221	42	27
221	42	26
221	42	25
222	41	24
222	40	23
222	40	22
221	40	21
220	39	20
219	39	20
218	38	21
217	38	21
216	37	21
215	37	21
214	37	20
213	36	19
212	36	19
211	36	19
210	36	19
209	37	18
208	38	17
207	38	17
206	38	17
205	37	18
204	36	19
203	36	18
202	36	18
201	35	17
200	35	17
199	35	17
198	34	17
197	34	17
196	34	17
195	34	17
194	34	17
193	34	16
192	33	15

206	45	26
207	46	26
208	46	26
209	47	27
209	48	27
210	49	27
210	50	27
211	51	28
211	52	28
211	53	28
211	54	28
211	55	28
211	56	28
212	57	29
212	58	29
212	59	29
212	60	29
212	61	29
212	62	29
212	63	29
212	64	29
213	65	30
213	66	30
213	67	30
213	67	30
213	68	30
213	69	30
214	70	31
214	71	31
214	72	31
214	73	31
215	74	30
215	75	30
215	76	30
215	77	30
215	78	30
214	79	30
214	80	30
214	81	30

198	44	27
199	45	27
200	45	27
201	44	26
202	44	26
203	44	26
204	44	26
205	45	26

187	90	32
187	90	33
188	89	34
188	88	34
188	87	34
188	86	34
189	85	33
189	84	33
189	83	33
189	82	33
189	81	33
189	80	33
190	79	33
190	78	33
189	77	33
189	76	33
189	75	33
189	75	33
189	74	33
189	73	33
189	72	33
189	71	33
189	70	33
189	69	32
189	68	32
190	67	31
191	66	31
192	65	31
192	64	31
192	63	31
192	62	31
193	61	30
193	60	30
193	59	30
193	58	30
194	57	30
194	56	30
193	55	30
193	54	30
193	53	30
194	52	29
194	51	29
194	50	29
194	49	29
195	48	29
196	47	29
196	46	29
196	45	28
197	44	27

168	1	24
169	0	25
170	0	25
171	0	25
172	1	25
173	2	25
173	3	25
172	4	25
172	5	25
173	6	25
173	7	25
173	8	25
174	9	25
175	9	25
176	9	25
177	10	25
177	11	25
178	12	25
179	12	25
180	13	26
181	14	26
181	15	26
182	16	26
183	17	26
183	18	26
184	19	26
184	20	26
183	21	27
183	22	27
184	23	27
185	22	27
186	23	27
187	24	26
187	24	26
188	25	27
188	26	27
188	27	27
189	28	27
189	29	27
190	30	27
190	31	27
190	31	27
191	32	28
191	33	28
191	34	28
192	35	27
193	36	26
194	37	26
195	38	27
196	39	28
197	40	28
197	41	28
198	42	27
198	43	27

10	200	30
9	199	30
8	198	30
7	198	30
6	198	30
5	197	30
4	197	30
3	196	30
3	195	30
3	194	30
3	193	31
3	192	31
2	191	31
1	190	31
1	190	31
2	189	31
3	188	31
3	187	31
2	186	31
2	185	31
1	184	32
1	183	32
0	182	31
0	181	31
0	180	31
0	179	31
0	178	31
0	177	31
0	176	30

10	201	30
10	202	30
9	203	29
9	203	29
8	203	29
7	204	29
7	205	29
7	206	29
7	207	29
6	208	29
5	209	29
4	210	29
3	211	28
3	211	27
2	212	26
1	212	25
1	212	24
1	213	23
0	214	22
0	215	21
0	216	20
0	217	19
0	218	18
0	219	18
0	220	18
0	221	17
0	222	17
0	223	17
0	224	16
0	225	15
0	225	14

11	200	30
12	200	30
13	200	31
14	200	31
15	200	31
16	201	32
17	202	33
18	203	33
19	204	33
19	205	33
20	206	33
21	207	33
22	208	32
23	209	32
24	210	32
25	211	32
26	211	32
27	212	31
28	212	31
29	213	31
29	214	31
30	215	30
31	216	30
32	216	30
33	217	30
34	218	30
35	219	30
36	220	30
37	221	30
38	222	30
38	223	30
39	224	30
39	225	30
40	226	29
41	227	29
42	228	29
42	229	29
43	230	29
44	231	29
44	232	29
44	233	29
44	234	29
45	235	29
46	236	28
47	237	28
48	237	28
49	237	28
49	237	28
50	238	28
51	239	29
52	240	29
53	241	29
53	242	29
53	243	29
53	244	29
54	245	29
55	246	29
55	246	29
56	246	29
57	247	29
58	248	29
58	249	29
59	250	28
59	251	28
60	252	28
61	252	28
62	252	28
63	253	27

89	198	32
88	197	32
87	197	32
87	197	32
87	197	33
86	197	34
85	197	34
84	196	33
83	196	33
82	196	34
81	196	35
80	196	35
79	195	35

90	198	32
91	197	33
92	196	33
92	195	33
92	194	33
92	193	33
92	192	33
92	191	32
92	191	32
91	190	32
90	189	33
89	188	33
88	187	33
88	186	33
88	185	33
88	184	33
88	183	33
89	182	32
89	181	32
90	180	33
90	179	33
90	178	33
89	177	33
89	176	33
89	175	32

91	199	32
91	200	32
91	201	32
92	202	33
92	203	33
93	204	32
94	205	32
94	206	32
94	207	32
94	208	32
95	209	32
95	210	32
95	211	32
95	212	32
95	213	31
95	214	31
95	215	31
95	216	31
96	217	30
96	218	30
96	219	30
97	220	30
98	221	30
98	222	30
97	223	29
97	224	29
97	225	29
98	226	30
98	227	30
99	228	29
99	229	29
99	230	29
99	231	29
100	232	29
100	233	29
100	234	28
100	235	28
100	236	28
100	237	28
100	238	28
101	239	28
101	240	28
101	241	28
101	242	27
101	243	27
101	243	27
102	244	27
102	245	27
103	246	27
104	247	27
104	248	27
104	249	27
105	250	26
105	251	26
105	252	26
106	253	25
107	253	24
108	253	23

9	193	7
9	194	7
9	195	7
10	196	7
11	197	7
11	198	7
12	199	8
13	200	8
14	201	7
14	202	7
15	203	7
15	204	7
16	205	7
16	206	7
16	207	7
17	208	7
18	209	7
19	210	6
19	211	6
20	212	5
21	213	5
22	214	5
22	215	5
22	216	5
23	217	6
23	218	6
23	219	6
24	220	6
25	221	6
25	222	6
26	223	6
27	224	7
28	225	7
28	226	7
29	227	7
30	228	7
31	229	7
32	230	7
32	231	7
33	232	7
34	233	7
35	234	7
35	235	7
36	236	8
37	237	8
38	238	8
38	239	8
38	240	8
39	241	8
40	241	8
40	241	8

15	52	31
15	52	31
16	51	31
17	50	32
18	50	32
19	50	32
20	51	32
21	51	32
22	50	32
23	50	32
23	50	32

19	207	17
19	207	17
20	208	17
20	209	17
20	210	17
21	211	18
21	212	18
22	213	17
22	214	17
22	215	17
22	216	17
23	217	18
23	218	18
23	219	18
24	220	18
24	221	18
24	222	18
24	223	18
24	224	18
25	225	18
25	226	18
25	227	18
24	228	18
24	229	18
24	230	18
25	231	18
25	232	18
24	233	18
24	233	18

137	165	0
137	165	0
138	166	0
138	167	0
139	168	0
140	169	1
140	170	1
141	171	1
142	172	1
143	173	1
144	173	1
145	174	1
146	175	1
147	176	1
148	176	1
149	176	1
150	177	1
151	178	1
152	179	1
153	180	1
154	180	1
155	180	1
156	181	1
156	182	1
157	183	2
158	183	1
159	183	1
160	183	1
161	183	1
162	183	1
163	184	1
163	185	1
163	186	1
164	187	1
164	188	1
164	189	1
163	190	2
162	191	2
161	192	2
160	193	2
159	194	2
159	195	2
159	196	3
159	197	3
159	198	3
160	199	3
160	200	3
161	201	3
161	202	3
161	203	3
161	204	3
160	205	2
160	206	2
160	207	2
160	208	3
160	209	3
160	210	2
160	211	2
161	212	2
161	213	2
162	214	2
163	215	2
163	216	2
163	217	2
163	218	2
163	219	2
163	220	2
164	221	2
164	222	2
165	223	2
165	224	2
165	225	2
165	226	2
165	227	2
166	228	1
166	229	1
166	230	0
166	231	0
165	232	1
164	233	1
163	234	2
162	235	3
161	235	3
160	236	3
159	237	4
158	238	4
157	239	4
156	240	4
156	241	4
156	242	4
155	243	4
155	244	4
155	244	4

233	239	3
233	239	3
234	239	3
235	240	4
236	241	4
237	242	5
237	243	5
238	244	6
238	245	6
239	246	7
239	247	7
239	247	7

232	218	21
232	218	21
232	219	21
233	220	21
234	220	21
235	221	20
236	222	20
236	223	20
237	224	20
237	225	20
237	226	20
238	227	20
239	228	20
240	229	20
241	230	20
241	231	20
242	232	19
242	233	19
243	234	19
243	235	19
243	236	19
244	236	19
245	237	19
246	238	19
246	238	19

233	7	28
233	7	28
234	8	28
235	9	28
235	9	28
236	9	28
237	10	28
238	11	28
238	12	28
239	13	28
240	14	28
240	15	28
239	16	27
239	17	27
240	18	27
241	19	27
241	20	27
241	21	27
241	22	27
242	23	27
242	24	27
242	25	27
242	26	27
243	27	27
243	28	27
243	29	27
243	30	27
244	31	27
244	32	27
244	33	27
244	34	27
244	34	27
244	35	27
244	36	27
245	37	27
245	38	27
245	39	27
245	40	27
246	41	26
247	42	26
247	43	26
247	44	26
247	45	26
247	46	26
247	47	26
247	48	26
247	49	26
247	50	26
247	51	26
247	52	26
247	53	26
247	54	26
247	55	26
247	56	26
247	57	26
247	58	26
247	59	26
247	60	26
247	61	26
247	62	26
247	63	26
247	64	26
247	65	27
247	66	27
247	67	27
247	68	27
247	69	27
247	70	27
247	71	27
247	72	27
246	73	27
246	74	27
247	75	27
248	76	26
249	77	26
249	78	26
249	79	26
248	79	26
247	80	27
246	81	27
245	81	27
244	82	27
244	83	27
244	83	27
244	84	27
244	85	27
244	86	28
244	87	28
244	88	28
244	89	28
244	90	28
243	91	28
242	92	28
242	93	28
242	94	28
242	95	28
242	96	28
243	97	28
244	98	29
244	99	29
244	99	29

